  2.000000000000000E-003  2.000000000000000E-003   645.141833508596     
  2.000000000000000E-003  0.302332916666667        2.66414255181590     
  2.000000000000000E-003  0.602665833333333        1.43440546678578     
  2.000000000000000E-003  0.902998750000000       -2.28646523314976     
  2.000000000000000E-003   1.20333166666667       -1.96726172902448     
  2.000000000000000E-003   1.50366458333333      -0.596319294608962     
  2.000000000000000E-003   1.80399750000000      -0.233843744363965     
  2.000000000000000E-003   2.10433041666667      -0.140958722558914     
  2.000000000000000E-003   2.40466333333333      -0.298944687502235     
  2.000000000000000E-003   2.70499625000000      -0.348988217143110     
  2.000000000000000E-003   3.00532916666667      -0.382266080164198     
  2.000000000000000E-003   3.30566208333333      -0.354032302459512     
  2.000000000000000E-003   3.60599500000000      -0.333524405549022     
  2.000000000000000E-003   3.90632791666667      -0.297940159392999     
  2.000000000000000E-003   4.20666083333333      -0.257590000146085     
  2.000000000000000E-003   4.50699375000000      -0.211969699528322     
  2.000000000000000E-003   4.80732666666667      -0.170303215365121     
  2.000000000000000E-003   5.10765958333333      -6.351239562947703E-002
  2.000000000000000E-003   5.40799250000000      -6.562310322028306E-002
  2.000000000000000E-003   5.70832541666667      -2.164509354173930E-002
  2.000000000000000E-003   6.00865833333333       3.740230121677305E-002
  2.000000000000000E-003   6.30899125000000       0.109439979654569     
  2.000000000000000E-003   6.60932416666667       0.179680461055676     
  2.000000000000000E-003   6.90965708333333       0.179546010655693     
  2.000000000000000E-003   7.20999000000000       0.371218490883061     
  0.302332916666667       2.000000000000000E-003   2.66415480756950     
  0.302332916666667       0.302332916666667        3.31934927560618     
  0.302332916666667       0.602665833333333       7.282155348042056E-002
  0.302332916666667       0.902998750000000       -2.33092895259310     
  0.302332916666667        1.20333166666667       -1.86159945726578     
  0.302332916666667        1.50366458333333      -0.519758874580486     
  0.302332916666667        1.80399750000000      -0.333705191677357     
  0.302332916666667        2.10433041666667      -0.136797804581855     
  0.302332916666667        2.40466333333333      -0.283137347682203     
  0.302332916666667        2.70499625000000      -0.327163723065477     
  0.302332916666667        3.00532916666667      -0.353313690828733     
  0.302332916666667        3.30566208333333      -0.332843806615967     
  0.302332916666667        3.60599500000000      -0.282309574732516     
  0.302332916666667        3.90632791666667      -0.264196266400763     
  0.302332916666667        4.20666083333333      -0.235980970960280     
  0.302332916666667        4.50699375000000      -0.200059653837541     
  0.302332916666667        4.80732666666667      -0.165095671651908     
  0.302332916666667        5.10765958333333      -6.362166675573180E-002
  0.302332916666667        5.40799250000000      -6.608073716241970E-002
  0.302332916666667        5.70832541666667      -2.354579428636056E-002
  0.302332916666667        6.00865833333333       3.225051049145296E-002
  0.302332916666667        6.30899125000000       9.271584492448823E-002
  0.302332916666667        6.60932416666667       0.141987163717427     
  0.302332916666667        6.90965708333333       0.169626059588516     
  0.302332916666667        7.20999000000000       0.227102539043522     
  0.602665833333333       2.000000000000000E-003   1.43441028641574     
  0.602665833333333       0.302332916666667       7.281822950248430E-002
  0.602665833333333       0.602665833333333       -1.69734023228467     
  0.602665833333333       0.902998750000000       -2.28937429207798     
  0.602665833333333        1.20333166666667       -1.31870192684474     
  0.602665833333333        1.50366458333333      -0.341417917385217     
  0.602665833333333        1.80399750000000      -0.625196129352999     
  0.602665833333333        2.10433041666667      -0.143609113986788     
  0.602665833333333        2.40466333333333      -0.149059316777698     
  0.602665833333333        2.70499625000000      -0.281344355852284     
  0.602665833333333        3.00532916666667      -0.297762835903638     
  0.602665833333333        3.30566208333333      -0.283301889956468     
  0.602665833333333        3.60599500000000      -0.246928719766848     
  0.602665833333333        3.90632791666667      -0.220880954465282     
  0.602665833333333        4.20666083333333      -0.198722046163674     
  0.602665833333333        4.50699375000000      -0.173168816264277     
  0.602665833333333        4.80732666666667      -7.889907147991490E-002
  0.602665833333333        5.10765958333333      -6.554745443644655E-002
  0.602665833333333        5.40799250000000      -6.476504329009659E-002
  0.602665833333333        5.70832541666667      -2.495262005752268E-002
  0.602665833333333        6.00865833333333       1.556070396079142E-002
  0.602665833333333        6.30899125000000       6.089031151090372E-002
  0.602665833333333        6.60932416666667       0.102246418197092     
  0.602665833333333        6.90965708333333       0.152033021979832     
  0.602665833333333        7.20999000000000       0.207992692898992     
  0.902998750000000       2.000000000000000E-003  -2.28645783384548     
  0.902998750000000       0.302332916666667       -2.33093039220878     
  0.902998750000000       0.602665833333333       -2.28937717111851     
  0.902998750000000       0.902998750000000       -1.56633080101219     
  0.902998750000000        1.20333166666667      -0.642763978319863     
  0.902998750000000        1.50366458333333      -0.210825118144895     
  0.902998750000000        1.80399750000000      -9.301159736241064E-002
  0.902998750000000        2.10433041666667      -0.154382681538217     
  0.902998750000000        2.40466333333333      -0.170496272920536     
  0.902998750000000        2.70499625000000      -0.139424449502590     
  0.902998750000000        3.00532916666667      -0.243198397410969     
  0.902998750000000        3.30566208333333      -0.234494132089121     
  0.902998750000000        3.60599500000000      -0.209531439548984     
  0.902998750000000        3.90632791666667      -0.188405396715739     
  0.902998750000000        4.20666083333333      -0.168075745547563     
  0.902998750000000        4.50699375000000      -8.823683689931237E-002
  0.902998750000000        4.80732666666667      -8.717836810301795E-002
  0.902998750000000        5.10765958333333      -6.757719503637981E-002
  0.902998750000000        5.40799250000000      -4.031512066952770E-002
  0.902998750000000        5.70832541666667      -2.850164373677926E-002
  0.902998750000000        6.00865833333333       4.842129115496110E-003
  0.902998750000000        6.30899125000000       3.752674339671115E-002
  0.902998750000000        6.60932416666667       7.595350820392653E-002
  0.902998750000000        6.90965708333333       0.118418037405043     
  0.902998750000000        7.20999000000000       0.148958617860281     
   1.20333166666667       2.000000000000000E-003  -1.96725293531395     
   1.20333166666667       0.302332916666667       -1.86159738600332     
   1.20333166666667       0.602665833333333       -1.31870324657373     
   1.20333166666667       0.902998750000000      -0.642764867847544     
   1.20333166666667        1.20333166666667      -0.200692579739797     
   1.20333166666667        1.50366458333333      -0.603490728795388     
   1.20333166666667        1.80399750000000      -0.108076291255400     
   1.20333166666667        2.10433041666667      -0.162831368420621     
   1.20333166666667        2.40466333333333      -0.183229276073739     
   1.20333166666667        2.70499625000000      -0.167989747775157     
   1.20333166666667        3.00532916666667      -0.133543812405864     
   1.20333166666667        3.30566208333333      -0.191153757104643     
   1.20333166666667        3.60599500000000      -0.177440319967828     
   1.20333166666667        3.90632791666667      -0.161623081457553     
   1.20333166666667        4.20666083333333      -0.101119539661901     
   1.20333166666667        4.50699375000000      -0.103104641029228     
   1.20333166666667        4.80732666666667      -9.120692691265014E-002
   1.20333166666667        5.10765958333333      -6.798826340126388E-002
   1.20333166666667        5.40799250000000      -4.145030324822858E-002
   1.20333166666667        5.70832541666667      -2.650516652276962E-002
   1.20333166666667        6.00865833333333      -7.744331768932125E-004
   1.20333166666667        6.30899125000000       2.766722222057644E-002
   1.20333166666667        6.60932416666667       5.623272574952749E-002
   1.20333166666667        6.90965708333333       8.661771291179275E-002
   1.20333166666667        7.20999000000000       0.106723705023507     
   1.50366458333333       2.000000000000000E-003 -0.596307499147033     
   1.50366458333333       0.302332916666667      -0.519752131429360     
   1.50366458333333       0.602665833333333      -0.341415639494873     
   1.50366458333333       0.902998750000000      -0.210824639469082     
   1.50366458333333        1.20333166666667      -0.603490768116536     
   1.50366458333333        1.50366458333333      -8.056788663486229E-002
   1.50366458333333        1.80399750000000      -0.128165147541511     
   1.50366458333333        2.10433041666667      -0.165783737660313     
   1.50366458333333        2.40466333333333      -0.181955806318402     
   1.50366458333333        2.70499625000000      -0.176044622325164     
   1.50366458333333        3.00532916666667      -0.157257651788333     
   1.50366458333333        3.30566208333333      -0.137847557503913     
   1.50366458333333        3.60599500000000      -0.125571522558270     
   1.50366458333333        3.90632791666667      -0.120282039882911     
   1.50366458333333        4.20666083333333      -0.116066991842644     
   1.50366458333333        4.50699375000000      -0.106496946984153     
   1.50366458333333        4.80732666666667      -8.899609497040786E-002
   1.50366458333333        5.10765958333333      -6.578796846375870E-002
   1.50366458333333        5.40799250000000      -4.171290838232573E-002
   1.50366458333333        5.70832541666667      -2.118397867422925E-002
   1.50366458333333        6.00865833333333       2.064817973140509E-004
   1.50366458333333        6.30899125000000       2.222070982923799E-002
   1.50366458333333        6.60932416666667       4.476013084004226E-002
   1.50366458333333        6.90965708333333       6.414369460416319E-002
   1.50366458333333        7.20999000000000       7.968484570118413E-002
   1.80399750000000       2.000000000000000E-003 -0.233830795228969     
   1.80399750000000       0.302332916666667      -0.333696168726218     
   1.80399750000000       0.602665833333333      -0.625191658354856     
   1.80399750000000       0.902998750000000      -9.300653484179268E-002
   1.80399750000000        1.20333166666667      -0.108068697027826     
   1.80399750000000        1.50366458333333      -0.128159233736018     
   1.80399750000000        1.80399750000000      -0.148561398293612     
   1.80399750000000        2.10433041666667      -0.163625122055634     
   1.80399750000000        2.40466333333333      -0.169664706562808     
   1.80399750000000        2.70499625000000      -0.166687946800717     
   1.80399750000000        3.00532916666667      -0.157805723811077     
   1.80399750000000        3.30566208333333      -0.146914864619814     
   1.80399750000000        3.60599500000000      -0.136364156712554     
   1.80399750000000        3.90632791666667      -0.126077632528370     
   1.80399750000000        4.20666083333333      -0.114388728283481     
   1.80399750000000        4.50699375000000      -9.966811962284788E-002
   1.80399750000000        4.80732666666667      -8.153357727352152E-002
   1.80399750000000        5.10765958333333      -6.103898770314498E-002
   1.80399750000000        5.40799250000000      -4.009275416962831E-002
   1.80399750000000        5.70832541666667      -2.074603798287502E-002
   1.80399750000000        6.00865833333333      -4.744247336687682E-003
   1.80399750000000        6.30899125000000       6.739362109500024E-003
   1.80399750000000        6.60932416666667       3.730910245372110E-002
   1.80399750000000        6.90965708333333       5.255575294046876E-002
   1.80399750000000        7.20999000000000       6.472194309193284E-002
   2.10433041666667       2.000000000000000E-003 -0.140956821889875     
   2.10433041666667       0.302332916666667      -0.136796808834358     
   2.10433041666667       0.602665833333333      -0.143605072761891     
   2.10433041666667       0.902998750000000      -0.154373210892631     
   2.10433041666667        1.20333166666667      -0.162817896994958     
   2.10433041666667        1.50366458333333      -0.165770896737831     
   2.10433041666667        1.80399750000000      -0.163617737575578     
   2.10433041666667        2.10433041666667      -0.158880220479924     
   2.10433041666667        2.40466333333333      -0.154025014407861     
   2.10433041666667        2.70499625000000      -0.149870690439720     
   2.10433041666667        3.00532916666667      -0.145417418743910     
   2.10433041666667        3.30566208333333      -0.138926948634321     
   2.10433041666667        3.60599500000000      -0.129303997568494     
   2.10433041666667        3.90632791666667      -0.116768221801042     
   2.10433041666667        4.20666083333333      -0.102444070668917     
   2.10433041666667        4.50699375000000      -8.733669711398606E-002
   2.10433041666667        4.80732666666667      -7.159167733585499E-002
   2.10433041666667        5.10765958333333      -5.466222400260555E-002
   2.10433041666667        5.40799250000000      -3.625642399159930E-002
   2.10433041666667        5.70832541666667      -1.727889897570793E-002
   2.10433041666667        6.00865833333333       8.403114758472334E-005
   2.10433041666667        6.30899125000000       1.338844701665810E-002
   2.10433041666667        6.60932416666667       2.147257488981286E-002
   2.10433041666667        6.90965708333333       2.544085643753612E-002
   2.10433041666667        7.20999000000000       2.829526968823283E-002
   2.40466333333333       2.000000000000000E-003 -0.298944769086069     
   2.40466333333333       0.302332916666667      -0.283134811244677     
   2.40466333333333       0.602665833333333      -0.149053933116537     
   2.40466333333333       0.902998750000000      -0.170484364904429     
   2.40466333333333        1.20333166666667      -0.183212077656114     
   2.40466333333333        1.50366458333333      -0.181938151205921     
   2.40466333333333        1.80399750000000      -0.169651882063746     
   2.40466333333333        2.10433041666667      -0.154019391397175     
   2.40466333333333        2.40466333333333      -0.141772021279269     
   2.40466333333333        2.70499625000000      -0.134883909081882     
   2.40466333333333        3.00532916666667      -0.130623662529386     
   2.40466333333333        3.30566208333333      -0.124686946020595     
   2.40466333333333        3.60599500000000      -0.114667855965382     
   2.40466333333333        3.90632791666667      -0.101354609087375     
   2.40466333333333        4.20666083333333      -8.731369086694016E-002
   2.40466333333333        4.50699375000000      -7.432075591360776E-002
   2.40466333333333        4.80732666666667      -6.186477806287952E-002
   2.40466333333333        5.10765958333333      -4.786045935415346E-002
   2.40466333333333        5.40799250000000      -3.084872578306500E-002
   2.40466333333333        5.70832541666667      -1.180908896236474E-002
   2.40466333333333        6.00865833333333       5.936308902578281E-003
   2.40466333333333        6.30899125000000       1.874728890845490E-002
   2.40466333333333        6.60932416666667       2.517053698333087E-002
   2.40466333333333        6.90965708333333       5.176477077444073E-002
   2.40466333333333        7.20999000000000       6.208355304396457E-002
   2.70499625000000       2.000000000000000E-003 -0.349002450309233     
   2.70499625000000       0.302332916666667      -0.327172595285517     
   2.70499625000000       0.602665833333333      -0.281343038637803     
   2.70499625000000       0.902998750000000      -0.139413370050345     
   2.70499625000000        1.20333166666667      -0.167972265385159     
   2.70499625000000        1.50366458333333      -0.176025574846385     
   2.70499625000000        1.80399750000000      -0.166673016509493     
   2.70499625000000        2.10433041666667      -0.149862790744112     
   2.70499625000000        2.40466333333333      -0.134881794720762     
   2.70499625000000        2.70499625000000      -0.125208407985234     
   2.70499625000000        3.00532916666667      -0.118484458685797     
   2.70499625000000        3.30566208333333      -0.110426817460418     
   2.70499625000000        3.60599500000000      -9.899392587486149E-002
   2.70499625000000        3.90632791666667      -8.564486752838606E-002
   2.70499625000000        4.20666083333333      -7.329089325996728E-002
   2.70499625000000        4.50699375000000      -6.319689084715975E-002
   2.70499625000000        4.80732666666667      -5.364902083858371E-002
   2.70499625000000        5.10765958333333      -4.147731159971182E-002
   2.70499625000000        5.40799250000000      -2.507853265694995E-002
   2.70499625000000        5.70832541666667      -6.385301213045378E-003
   2.70499625000000        6.00865833333333       9.896632950643604E-003
   2.70499625000000        6.30899125000000       1.932074154544944E-002
   2.70499625000000        6.60932416666667       4.168574583457540E-002
   2.70499625000000        6.90965708333333       5.836561956783143E-002
   2.70499625000000        7.20999000000000       7.053408352770230E-002
   3.00532916666667       2.000000000000000E-003 -0.382285332198734     
   3.00532916666667       0.302332916666667      -0.353319853857231     
   3.00532916666667       0.602665833333333      -0.297754426451330     
   3.00532916666667       0.902998750000000      -0.243181671231173     
   3.00532916666667        1.20333166666667      -0.133528134541364     
   3.00532916666667        1.50366458333333      -0.157239010130827     
   3.00532916666667        1.80399750000000      -0.157790256703580     
   3.00532916666667        2.10433041666667      -0.145408854795424     
   3.00532916666667        2.40466333333333      -0.130621473075415     
   3.00532916666667        2.70499625000000      -0.118485095525076     
   3.00532916666667        3.00532916666667      -0.108248922808556     
   3.00532916666667        3.30566208333333      -9.712416523751173E-002
   3.00532916666667        3.60599500000000      -8.422529192693511E-002
   3.00532916666667        3.90632791666667      -7.148390057517999E-002
   3.00532916666667        4.20666083333333      -6.138465018511294E-002
   3.00532916666667        4.50699375000000      -5.407625687981339E-002
   3.00532916666667        4.80732666666667      -4.669287691335509E-002
   3.00532916666667        5.10765958333333      -3.561732742093143E-002
   3.00532916666667        5.40799250000000      -1.983057893937667E-002
   3.00532916666667        5.70832541666667      -2.533897254974610E-003
   3.00532916666667        6.00865833333333       1.043353509329578E-002
   3.00532916666667        6.30899125000000       2.664498669226210E-002
   3.00532916666667        6.60932416666667       4.340891464353810E-002
   3.00532916666667        6.90965708333333       6.248241698272319E-002
   3.00532916666667        7.20999000000000       7.753946149135134E-002
   3.30566208333333       2.000000000000000E-003 -0.354051420935838     
   3.30566208333333       0.302332916666667      -0.332846337003312     
   3.30566208333333       0.602665833333333      -0.283281296995293     
   3.30566208333333       0.902998750000000      -0.234464399965038     
   3.30566208333333        1.20333166666667      -0.191127588154960     
   3.30566208333333        1.50366458333333      -0.137827688192037     
   3.30566208333333        1.80399750000000      -0.146896882201789     
   3.30566208333333        2.10433041666667      -0.138915741107905     
   3.30566208333333        2.40466333333333      -0.124683207641303     
   3.30566208333333        2.70499625000000      -0.110427633522268     
   3.30566208333333        3.00532916666667      -9.712567746632425E-002
   3.30566208333333        3.30566208333333      -8.368481942497660E-002
   3.30566208333333        3.60599500000000      -7.026192205355336E-002
   3.30566208333333        3.90632791666667      -5.882627940811760E-002
   3.30566208333333        4.20666083333333      -5.103519764728594E-002
   3.30566208333333        4.50699375000000      -4.593074765395262E-002
   3.30566208333333        4.80732666666667      -3.996961531247292E-002
   3.30566208333333        5.10765958333333      -2.969848469356024E-002
   3.30566208333333        5.40799250000000      -1.497528044243276E-002
   3.30566208333333        5.70832541666667      -1.878377473496593E-005
   3.30566208333333        6.00865833333333       1.234592075755575E-002
   3.30566208333333        6.30899125000000       2.695820159629588E-002
   3.30566208333333        6.60932416666667       4.190125109202506E-002
   3.30566208333333        6.90965708333333       6.124754380807303E-002
   3.30566208333333        7.20999000000000       7.614322720823634E-002
   3.60599500000000       2.000000000000000E-003 -0.333579343109506     
   3.60599500000000       0.302332916666667      -0.282301158626009     
   3.60599500000000       0.602665833333333      -0.246897822066065     
   3.60599500000000       0.902998750000000      -0.209492057038110     
   3.60599500000000        1.20333166666667      -0.177404590688487     
   3.60599500000000        1.50366458333333      -0.125546202930935     
   3.60599500000000        1.80399750000000      -0.136339273741193     
   3.60599500000000        2.10433041666667      -0.129285771259752     
   3.60599500000000        2.40466333333333      -0.114658550974988     
   3.60599500000000        2.70499625000000      -9.899174581793564E-002
   3.60599500000000        3.00532916666667      -8.422646202666589E-002
   3.60599500000000        3.30566208333333      -7.026319956897260E-002
   3.60599500000000        3.60599500000000      -5.764700029823788E-002
   3.60599500000000        3.90632791666667      -4.793446926160234E-002
   3.60599500000000        4.20666083333333      -4.192684103827776E-002
   3.60599500000000        4.50699375000000      -3.800134716183891E-002
   3.60599500000000        4.80732666666667      -3.259793335503969E-002
   3.60599500000000        5.10765958333333      -2.286983971640780E-002
   3.60599500000000        5.40799250000000      -9.448716869693213E-003
   3.60599500000000        5.70832541666667       3.049314325350821E-003
   3.60599500000000        6.00865833333333       1.568003605078691E-002
   3.60599500000000        6.30899125000000       2.740745597539281E-002
   3.60599500000000        6.60932416666667       4.068610431564690E-002
   3.60599500000000        6.90965708333333       5.759535536103866E-002
   3.60599500000000        7.20999000000000       7.494086735548892E-002
   3.90632791666667       2.000000000000000E-003 -0.297954680806880     
   3.90632791666667       0.302332916666667      -0.264183410855754     
   3.90632791666667       0.602665833333333      -0.220846480460170     
   3.90632791666667       0.902998750000000      -0.188362756036932     
   3.90632791666667        1.20333166666667      -0.161580359898884     
   3.90632791666667        1.50366458333333      -0.120247581860689     
   3.90632791666667        1.80399750000000      -0.126042490737345     
   3.90632791666667        2.10433041666667      -0.116739703138415     
   3.90632791666667        2.40466333333333      -0.101336448485961     
   3.90632791666667        2.70499625000000      -8.563655351538713E-002
   3.90632791666667        3.00532916666667      -7.148214271978454E-002
   3.90632791666667        3.30566208333333      -5.882726934644116E-002
   3.90632791666667        3.60599500000000      -4.793552177147935E-002
   3.90632791666667        3.90632791666667      -3.971078149681655E-002
   3.90632791666667        4.20666083333333      -3.435670156942904E-002
   3.90632791666667        4.50699375000000      -3.019692351392653E-002
   3.90632791666667        4.80732666666667      -2.426330445444150E-002
   3.90632791666667        5.10765958333333      -1.453807629810139E-002
   3.90632791666667        5.40799250000000      -2.098684245263763E-003
   3.90632791666667        5.70832541666667       8.735327370923323E-003
   3.90632791666667        6.00865833333333       2.072295521062324E-002
   3.90632791666667        6.30899125000000       3.233037940114985E-002
   3.90632791666667        6.60932416666667       4.557959999767319E-002
   3.90632791666667        6.90965708333333       6.317444944621048E-002
   3.90632791666667        7.20999000000000       7.686191615938087E-002
   4.20666083333333       2.000000000000000E-003 -0.257589691610747     
   4.20666083333333       0.302332916666667      -0.235961379522028     
   4.20666083333333       0.602665833333333      -0.198685699006291     
   4.20666083333333       0.902998750000000      -0.168031504342345     
   4.20666083333333        1.20333166666667      -0.101084992889758     
   4.20666083333333        1.50366458333333      -0.116023563570976     
   4.20666083333333        1.80399750000000      -0.114344308422107     
   4.20666083333333        2.10433041666667      -0.102406318687938     
   4.20666083333333        2.40466333333333      -8.728717478878772E-002
   4.20666083333333        2.70499625000000      -7.327610417505899E-002
   4.20666083333333        3.00532916666667      -6.137894405991076E-002
   4.20666083333333        3.30566208333333      -5.103469438155172E-002
   4.20666083333333        3.60599500000000      -4.192812580825128E-002
   4.20666083333333        3.90632791666667      -3.435769043284134E-002
   4.20666083333333        4.20666083333333      -2.829610988216686E-002
   4.20666083333333        4.50699375000000      -2.252494916984179E-002
   4.20666083333333        4.80732666666667      -1.505073999926125E-002
   4.20666083333333        5.10765958333333      -4.714813637882367E-003
   4.20666083333333        5.40799250000000       7.306061763903455E-003
   4.20666083333333        5.70832541666667       1.750167836238646E-002
   4.20666083333333        6.00865833333333       2.183835191639763E-002
   4.20666083333333        6.30899125000000       3.807908185932844E-002
   4.20666083333333        6.60932416666667       5.135385058709087E-002
   4.20666083333333        6.90965708333333       6.692746074247717E-002
   4.20666083333333        7.20999000000000       7.831094955872936E-002
   4.50699375000000       2.000000000000000E-003 -0.211947695874066     
   4.50699375000000       0.302332916666667      -0.200028059850682     
   4.50699375000000       0.602665833333333      -0.173128783383961     
   4.50699375000000       0.902998750000000      -8.820909379206730E-002
   4.50699375000000        1.20333166666667      -0.103064951859366     
   4.50699375000000        1.50366458333333      -0.106449732326410     
   4.50699375000000        1.80399750000000      -9.962047354295313E-002
   4.50699375000000        2.10433041666667      -8.729560401031833E-002
   4.50699375000000        2.40466333333333      -7.429065217939697E-002
   4.50699375000000        2.70499625000000      -6.317867516735290E-002
   4.50699375000000        3.00532916666667      -5.406787309247483E-002
   4.50699375000000        3.30566208333333      -4.592867866150641E-002
   4.50699375000000        3.60599500000000      -3.800214678601008E-002
   4.50699375000000        3.90632791666667      -3.019819266471731E-002
   4.50699375000000        4.20666083333333      -2.252560322515191E-002
   4.50699375000000        4.50699375000000      -1.446040904640245E-002
   4.50699375000000        4.80732666666667      -5.088961496928475E-003
   4.50699375000000        5.10765958333333       5.967329032606918E-003
   4.50699375000000        5.40799250000000       1.764820122550517E-002
   4.50699375000000        5.70832541666667       2.747336142157069E-002
   4.50699375000000        6.00865833333333       3.271549970442357E-002
   4.50699375000000        6.30899125000000       3.207594189655349E-002
   4.50699375000000        6.60932416666667       5.483517094208302E-002
   4.50699375000000        6.90965708333333       6.672331852542129E-002
   4.50699375000000        7.20999000000000       7.493488631676484E-002
   4.80732666666667       2.000000000000000E-003 -0.170287387389128     
   4.80732666666667       0.302332916666667      -0.165067434429066     
   4.80732666666667       0.602665833333333      -7.887934748612885E-002
   4.80732666666667       0.902998750000000      -8.714936785701065E-002
   4.80732666666667        1.20333166666667      -9.116922084188415E-002
   4.80732666666667        1.50366458333333      -8.895332238987237E-002
   4.80732666666667        1.80399750000000      -8.149127553096309E-002
   4.80732666666667        2.10433041666667      -7.155522630381105E-002
   4.80732666666667        2.40466333333333      -6.183760604873582E-002
   4.80732666666667        2.70499625000000      -5.363185191658935E-002
   4.80732666666667        3.00532916666667      -4.668412123903561E-002
   4.80732666666667        3.30566208333333      -3.996647158127490E-002
   4.80732666666667        3.60599500000000      -3.259759655239241E-002
   4.80732666666667        3.90632791666667      -2.426379539244818E-002
   4.80732666666667        4.20666083333333      -1.505113908837118E-002
   4.80732666666667        4.50699375000000      -5.089116233607077E-003
   4.80732666666667        4.80732666666667       5.538902590119197E-003
   4.80732666666667        5.10765958333333       1.651366107661774E-002
   4.80732666666667        5.40799250000000       2.693359725353076E-002
   4.80732666666667        5.70832541666667       3.533361835415151E-002
   4.80732666666667        6.00865833333333       4.024566063492095E-002
   4.80732666666667        6.30899125000000       4.105819293871855E-002
   4.80732666666667        6.60932416666667       3.865839356430785E-002
   4.80732666666667        6.90965708333333       6.607463253018568E-002
   4.80732666666667        7.20999000000000       7.214735721054903E-002
   5.10765958333333       2.000000000000000E-003 -6.350256735173360E-002
   5.10765958333333       0.302332916666667      -6.360850119762311E-002
   5.10765958333333       0.602665833333333      -6.552970373412274E-002
   5.10765958333333       0.902998750000000      -6.755384448126436E-002
   5.10765958333333        1.20333166666667      -6.795985746422695E-002
   5.10765958333333        1.50366458333333      -6.575693411853750E-002
   5.10765958333333        1.80399750000000      -6.100885661215113E-002
   5.10765958333333        2.10433041666667      -5.463632187757136E-002
   5.10765958333333        2.40466333333333      -4.784080309795429E-002
   5.10765958333333        2.70499625000000      -4.146418208735052E-002
   5.10765958333333        3.00532916666667      -3.560956682501632E-002
   5.10765958333333        3.30566208333333      -2.969425650257884E-002
   5.10765958333333        3.60599500000000      -2.286746199478501E-002
   5.10765958333333        3.90632791666667      -1.453656249166852E-002
   5.10765958333333        4.20666083333333      -4.713906851582279E-003
   5.10765958333333        4.50699375000000       5.967578545104101E-003
   5.10765958333333        4.80732666666667       1.651344593159950E-002
   5.10765958333333        5.10765958333333       2.590409070081291E-002
   5.10765958333333        5.40799250000000       3.332425276614859E-002
   5.10765958333333        5.70832541666667       3.824134208364972E-002
   5.10765958333333        6.00865833333333       4.043349754593462E-002
   5.10765958333333        6.30899125000000       4.009378045382186E-002
   5.10765958333333        6.60932416666667       3.801246698394697E-002
   5.10765958333333        6.90965708333333       3.566409532263404E-002
   5.10765958333333        7.20999000000000       3.496431431972936E-002
   5.40799250000000       2.000000000000000E-003 -6.560856032108171E-002
   5.40799250000000       0.302332916666667      -6.606070631094235E-002
   5.40799250000000       0.602665833333333      -6.474332441691724E-002
   5.40799250000000       0.902998750000000      -4.030213404971029E-002
   5.40799250000000        1.20333166666667      -4.143507552329598E-002
   5.40799250000000        1.50366458333333      -4.169644866514350E-002
   5.40799250000000        1.80399750000000      -4.007663278074566E-002
   5.40799250000000        2.10433041666667      -3.624210225009713E-002
   5.40799250000000        2.40466333333333      -3.083700705669316E-002
   5.40799250000000        2.70499625000000      -2.506937909945158E-002
   5.40799250000000        3.00532916666667      -1.982332858698351E-002
   5.40799250000000        3.30566208333333      -1.496913707862930E-002
   5.40799250000000        3.60599500000000      -9.443268406630751E-003
   5.40799250000000        3.90632791666667      -2.094153275764610E-003
   5.40799250000000        4.20666083333333       7.309036537955705E-003
   5.40799250000000        4.50699375000000       1.764917473628102E-002
   5.40799250000000        4.80732666666667       2.693291732901844E-002
   5.40799250000000        5.10765958333333       3.332315357791787E-002
   5.40799250000000        5.40799250000000       3.601894417225796E-002
   5.40799250000000        5.70832541666667       3.544378141916232E-002
   5.40799250000000        6.00865833333333       3.275432551288888E-002
   5.40799250000000        6.30899125000000       2.915821835449228E-002
   5.40799250000000        6.60932416666667       6.324701777679709E-002
   5.40799250000000        6.90965708333333       6.904543741044571E-002
   5.40799250000000        7.20999000000000       7.344070645173843E-002
   5.70832541666667       2.000000000000000E-003 -2.163311623093938E-002
   5.70832541666667       0.302332916666667      -2.352885445111618E-002
   5.70832541666667       0.602665833333333      -2.493258714049785E-002
   5.70832541666667       0.902998750000000      -2.848298293716200E-002
   5.70832541666667        1.20333166666667      -2.649379030304016E-002
   5.70832541666667        1.50366458333333      -2.117950548689056E-002
   5.70832541666667        1.80399750000000      -2.074051877676023E-002
   5.70832541666667        2.10433041666667      -1.727261626123188E-002
   5.70832541666667        2.40466333333333      -1.180224159057680E-002
   5.70832541666667        2.70499625000000      -6.377871674432212E-003
   5.70832541666667        3.00532916666667      -2.525746290135385E-003
   5.70832541666667        3.30566208333333      -9.966371505240774E-006
   5.70832541666667        3.60599500000000       3.058194736291925E-003
   5.70832541666667        3.90632791666667       8.743040391994103E-003
   5.70832541666667        4.20666083333333       1.750678845117096E-002
   5.70832541666667        4.50699375000000       2.747502790739954E-002
   5.70832541666667        4.80732666666667       3.533226959107470E-002
   5.70832541666667        5.10765958333333       3.823865585038272E-002
   5.70832541666667        5.40799250000000       3.544182037174547E-002
   5.70832541666667        5.70832541666667       2.853532648506295E-002
   5.70832541666667        6.00865833333333       5.581671807832377E-002
   5.70832541666667        6.30899125000000       6.225823855848928E-002
   5.70832541666667        6.60932416666667       6.965878609874653E-002
   5.70832541666667        6.90965708333333       7.545924273733708E-002
   5.70832541666667        7.20999000000000       7.987746555761550E-002
   6.00865833333333       2.000000000000000E-003  3.740726150133740E-002
   6.00865833333333       0.302332916666667       3.226086242387156E-002
   6.00865833333333       0.602665833333333       1.557706321015592E-002
   6.00865833333333       0.902998750000000       4.858643589174221E-003
   6.00865833333333        1.20333166666667      -7.640212193472402E-004
   6.00865833333333        1.50366458333333       2.081055546171099E-004
   6.00865833333333        1.80399750000000      -4.743287345858275E-003
   6.00865833333333        2.10433041666667       8.749545891441877E-005
   6.00865833333333        2.40466333333333       5.942029722876614E-003
   6.00865833333333        2.70499625000000       9.904342359572573E-003
   6.00865833333333        3.00532916666667       1.044301395649287E-002
   6.00865833333333        3.30566208333333       1.236303411769244E-002
   6.00865833333333        3.60599500000000       1.569757845559385E-002
   6.00865833333333        3.90632791666667       2.073501185184966E-002
   6.00865833333333        4.20666083333333       2.184472881794225E-002
   6.00865833333333        4.50699375000000       3.271746261438029E-002
   6.00865833333333        4.80732666666667       4.024367591006876E-002
   6.00865833333333        5.10765958333333       4.042952230399015E-002
   6.00865833333333        5.40799250000000       3.275076716091469E-002
   6.00865833333333        5.70832541666667       5.581005947039193E-002
   6.00865833333333        6.00865833333333       6.131534612976954E-002
   6.00865833333333        6.30899125000000       6.937227607593954E-002
   6.00865833333333        6.60932416666667       7.802570487799750E-002
   6.00865833333333        6.90965708333333       8.688052368351085E-002
   6.00865833333333        7.20999000000000       9.139878156237527E-002
   6.30899125000000       2.000000000000000E-003  0.109434424542752     
   6.30899125000000       0.302332916666667       9.272198900039889E-002
   6.30899125000000       0.602665833333333       6.090715437979394E-002
   6.30899125000000       0.902998750000000       3.754365905212494E-002
   6.30899125000000        1.20333166666667       2.767787761177520E-002
   6.30899125000000        1.50366458333333       2.222294279716203E-002
   6.30899125000000        1.80399750000000       6.740926201769034E-003
   6.30899125000000        2.10433041666667       1.339274646328529E-002
   6.30899125000000        2.40466333333333       1.875363399967176E-002
   6.30899125000000        2.70499625000000       1.932856954223721E-002
   6.30899125000000        3.00532916666667       2.666322236923472E-002
   6.30899125000000        3.30566208333333       2.698121607930566E-002
   6.30899125000000        3.60599500000000       2.743277120177126E-002
   6.30899125000000        3.90632791666667       3.235147679068258E-002
   6.30899125000000        4.20666083333333       3.808846550130431E-002
   6.30899125000000        4.50699375000000       3.207744610794261E-002
   6.30899125000000        4.80732666666667       4.105571475189509E-002
   6.30899125000000        5.10765958333333       4.008935861011181E-002
   6.30899125000000        5.40799250000000       2.915433427344828E-002
   6.30899125000000        5.70832541666667       6.224492283481555E-002
   6.30899125000000        6.00865833333333       6.936337930376874E-002
   6.30899125000000        6.30899125000000       7.821854294649225E-002
   6.30899125000000        6.60932416666667       9.095406301845904E-002
   6.30899125000000        6.90965708333333       0.103543860667569     
   6.30899125000000        7.20999000000000       0.109984510396928     
   6.60932416666667       2.000000000000000E-003  0.179660654509968     
   6.60932416666667       0.302332916666667       0.141995893449194     
   6.60932416666667       0.602665833333333       0.102270463407334     
   6.60932416666667       0.902998750000000       7.597526555854218E-002
   6.60932416666667        1.20333166666667       5.624579021536431E-002
   6.60932416666667        1.50366458333333       4.476511527923131E-002
   6.60932416666667        1.80399750000000       3.730809264609270E-002
   6.60932416666667        2.10433041666667       2.147841071843056E-002
   6.60932416666667        2.40466333333333       2.517668950126907E-002
   6.60932416666667        2.70499625000000       4.170265193917239E-002
   6.60932416666667        3.00532916666667       4.343020538339715E-002
   6.60932416666667        3.30566208333333       4.192828394261626E-002
   6.60932416666667        3.60599500000000       4.071566824936376E-002
   6.60932416666667        3.90632791666667       4.560041885690886E-002
   6.60932416666667        4.20666083333333       5.136081168290454E-002
   6.60932416666667        4.50699375000000       5.482854157095931E-002
   6.60932416666667        4.80732666666667       3.865528101206910E-002
   6.60932416666667        5.10765958333333       3.800820624530787E-002
   6.60932416666667        5.40799250000000       6.322910125511243E-002
   6.60932416666667        5.70832541666667       6.964089044210540E-002
   6.60932416666667        6.00865833333333       7.800910045238595E-002
   6.60932416666667        6.30899125000000       9.094464437933764E-002
   6.60932416666667        6.60932416666667       0.106543987584423     
   6.60932416666667        6.90965708333333       0.123329039578558     
   6.60932416666667        7.20999000000000       0.136749019027398     
   6.90965708333333       2.000000000000000E-003  0.179522624608100     
   6.90965708333333       0.302332916666667       0.169638744983589     
   6.90965708333333       0.602665833333333       0.152058085128727     
   6.90965708333333       0.902998750000000       0.118440919519877     
   6.90965708333333        1.20333166666667       8.663355562975902E-002
   6.90965708333333        1.50366458333333       6.415206507621175E-002
   6.90965708333333        1.80399750000000       5.256006365316365E-002
   6.90965708333333        2.10433041666667       2.544703066003405E-002
   6.90965708333333        2.40466333333333       5.177356643823208E-002
   6.90965708333333        2.70499625000000       5.838872787319797E-002
   6.90965708333333        3.00532916666667       6.250584387644735E-002
   6.90965708333333        3.30566208333333       6.127540696057925E-002
   6.90965708333333        3.60599500000000       5.761862743840990E-002
   6.90965708333333        3.90632791666667       6.318650306622350E-002
   6.90965708333333        4.20666083333333       6.692884841856045E-002
   6.90965708333333        4.50699375000000       6.671031530832008E-002
   6.90965708333333        4.80732666666667       6.606015627086087E-002
   6.90965708333333        5.10765958333333       3.565965789913075E-002
   6.90965708333333        5.40799250000000       6.902917023125879E-002
   6.90965708333333        5.70832541666667       7.544155767474783E-002
   6.90965708333333        6.00865833333333       8.686304200089752E-002
   6.90965708333333        6.30899125000000       0.103533633812964     
   6.90965708333333        6.60932416666667       0.123324031500287     
   6.90965708333333        6.90965708333333       0.138341171587467     
   6.90965708333333        7.20999000000000       0.142815011304424     
   7.20999000000000       2.000000000000000E-003  0.371329954392115     
   7.20999000000000       0.302332916666667       0.227104048139873     
   7.20999000000000       0.602665833333333       0.208002059105977     
   7.20999000000000       0.902998750000000       0.148973673003217     
   7.20999000000000        1.20333166666667       0.106738840976744     
   7.20999000000000        1.50366458333333       7.969675727982398E-002
   7.20999000000000        1.80399750000000       6.473177916777971E-002
   7.20999000000000        2.10433041666667       2.830085195030118E-002
   7.20999000000000        2.40466333333333       6.209544657858473E-002
   7.20999000000000        2.70499625000000       7.056220192777825E-002
   7.20999000000000        3.00532916666667       7.756658920931762E-002
   7.20999000000000        3.30566208333333       7.616556748787653E-002
   7.20999000000000        3.60599500000000       7.497402360269609E-002
   7.20999000000000        3.90632791666667       7.687787879986148E-002
   7.20999000000000        4.20666083333333       7.831189802035091E-002
   7.20999000000000        4.50699375000000       7.491879883549571E-002
   7.20999000000000        4.80732666666667       7.213207938807673E-002
   7.20999000000000        5.10765958333333       3.495840995010703E-002
   7.20999000000000        5.40799250000000       7.342740222759042E-002
   7.20999000000000        5.70832541666667       7.986304100968707E-002
   7.20999000000000        6.00865833333333       9.138491778871760E-002
   7.20999000000000        6.30899125000000       0.109979559649710     
   7.20999000000000        6.60932416666667       0.136748009312611     
   7.20999000000000        6.90965708333333       0.142818497778012     
   7.20999000000000        7.20999000000000       0.215283998985766     
